Starting rotation with parameters:
num_neurons:    140
num_neurons2:   5
rec_dropout:    0.0 0.01 0.1 0.2 0.5
dropout:        0.0 0.1 0.5
lr:             0.01
n_splits:       35
patience:       10
batch_size:     20
0	98.71	1.63	|	140	5	0.0	0.0	0.01	35	10	20
0	99.08	1.70	|	140	5	0.0	0.1	0.01	35	10	20
0	99.14	1.45	|	140	5	0.0	0.5	0.01	35	10	20
0	98.83	1.78	|	140	5	0.01	0.0	0.01	35	10	20
0	99.08	1.56	|	140	5	0.01	0.1	0.01	35	10	20
0	99.08	1.39	|	140	5	0.01	0.5	0.01	35	10	20
0	99.02	1.28	|	140	5	0.1	0.0	0.01	35	10	20
0	99.20	1.45	|	140	5	0.1	0.1	0.01	35	10	20
0	99.20	1.44	|	140	5	0.1	0.5	0.01	35	10	20
0	99.08	1.62	|	140	5	0.2	0.0	0.01	35	10	20
0	99.08	1.46	|	140	5	0.2	0.1	0.01	35	10	20
0	99.20	1.45	|	140	5	0.2	0.5	0.01	35	10	20
0	99.14	1.55	|	140	5	0.5	0.0	0.01	35	10	20
0	98.96	1.71	|	140	5	0.5	0.1	0.01	35	10	20
0	99.27	1.33	|	140	5	0.5	0.5	0.01	35	10	20
Starting rotation with parameters:
num_neurons:    35 100 140
num_neurons2:   5 14
rec_dropout:    0.0 0.01 0.1 0.2 0.5
dropout:        0.0 0.1 0.5
lr:             0.01 0.005
n_splits:       10 14
patience:       10
batch_size:     20
1		|	35	5	0.0	0.0	0.01	10	10	20
