Starting rotation with parameters:
num_neurons:    35 70 100
lr:             0.001 0.005 0.01 0.05
n_splits:       2 5 10
patience:       2 8 16
batch_size:     10 20 50 100
0	97.29	0.98	|	100	0.005	2	16	20
0	97.41	0.72	|	70	0.05	10	16	10
0	97.16	0.74	|	70	0.005	2	8	50
0	97.10	0.92	|	70	0.05	5	2	20
0	97.47	0.68	|	70	0.001	2	8	100
0	98.21	0.70	|	70	0.001	10	8	10
0	97.04	0.98	|	35	0.001	2	16	20
0	98.34	0.87	|	100	0.01	10	2	20
0	97.10	1.04	|	35	0.001	2	16	50
0	97.90	0.68	|	100	0.001	5	16	10
0	97.41	1.06	|	35	0.005	10	2	100
0	97.29	1.12	|	35	0.05	5	16	100
0	97.66	0.90	|	70	0.005	5	8	50
0	98.03	0.90	|	35	0.005	10	16	100
0	98.52	0.74	|	100	0.005	10	16	20
0	98.40	0.68	|	35	0.01	10	16	10
0	97.84	0.96	|	100	0.05	10	8	100
0	97.72	0.79	|	100	0.01	5	16	10
0	97.97	0.87	|	70	0.001	10	8	50
0	97.60	0.40	|	35	0.05	5	2	50
0	97.97	0.98	|	100	0.001	5	16	20
0	97.60	0.76	|	70	0.05	5	8	10
0	97.78	0.76	|	70	0.05	5	2	50
0	97.78	0.59	|	35	0.005	5	8	10
0	97.53	0.82	|	35	0.001	5	16	100
0	98.09	0.53	|	100	0.05	5	16	100
0	97.10	1.04	|	100	0.005	2	16	50
0	97.17	1.42	|	70	0.005	5	2	100
0	97.29	1.11	|	100	0.005	2	8	50
0	97.60	0.53	|	100	0.05	5	8	20
0	98.46	0.63	|	35	0.005	10	8	10
0	97.66	1.14	|	100	0.005	5	2	10
0	96.67	1.11	|	70	0.05	2	2	10
0	97.29	0.61	|	70	0.001	2	2	50
0	97.35	1.16	|	35	0.001	5	16	20
0	97.78	0.68	|	70	0.005	5	8	50
0	97.84	1.00	|	100	0.05	10	16	100
0	97.84	1.03	|	100	0.005	5	2	10
0	97.23	0.67	|	70	0.001	2	16	10
0	98.09	0.80	|	100	0.001	10	16	50
0	97.23	1.57	|	35	0.01	5	2	100
0	97.91	0.68	|	70	0.001	10	16	50
0	98.58	0.62	|	100	0.01	10	8	10
Starting rotation with parameters:
num_neurons:    35 70 100
lr:             0.001 0.005 0.01 0.05
n_splits:       2 5 10
patience:       2 8 16
batch_size:     10 20 50 100
0	97.35	1.11	|	35	0.05	5	2	100
0	97.29	0.74	|	100	0.005	2	16	50
0	97.29	0.98	|	100	0.05	2	8	100
0	97.91	0.86	|	100	0.01	5	16	50
0	97.35	0.82	|	70	0.05	10	2	100
0	97.29	1.02	|	100	0.001	5	2	50
0	98.34	0.78	|	100	0.01	10	8	20
0	98.40	0.56	|	100	0.01	10	16	50
0	96.80	0.86	|	100	0.05	2	16	10
0	98.09	0.69	|	70	0.05	10	16	20
0	97.60	1.05	|	100	0.05	5	2	50
0	98.27	0.60	|	100	0.01	5	8	10
0	97.41	0.49	|	100	0.001	2	16	20
0	97.53	0.86	|	100	0.01	2	16	10
0	97.66	1.00	|	100	0.001	5	16	100
0	97.72	0.74	|	100	0.01	5	8	100
0	97.16	0.49	|	35	0.001	2	8	50
0	97.97	0.68	|	70	0.001	10	8	20
0	97.17	1.11	|	100	0.01	2	16	100
0	97.66	1.07	|	35	0.01	5	8	100
0	97.35	1.04	|	100	0.005	2	2	10
0	97.29	1.32	|	70	0.001	5	2	100
0	97.91	1.14	|	35	0.005	10	8	100
0	97.84	0.92	|	100	0.001	10	16	100
0	98.28	0.98	|	100	0.001	10	16	50
0	97.04	0.57	|	35	0.001	5	2	100
0	97.29	0.86	|	70	0.01	2	16	20
0	96.79	0.61	|	35	0.001	2	8	100
0	97.10	0.80	|	70	0.01	2	2	50
0	98.28	0.98	|	100	0.05	10	16	100
0	97.17	0.86	|	70	0.05	2	2	100
0	97.66	0.88	|	100	0.01	5	16	100
0	97.78	0.96	|	35	0.001	10	2	50
0	97.85	1.27	|	35	0.005	10	8	100
0	97.97	0.99	|	70	0.05	10	2	100
0	97.78	1.25	|	70	0.001	5	8	10
0	98.34	0.91	|	100	0.001	10	16	20
0	96.92	1.03	|	35	0.001	5	2	50
0	97.97	0.88	|	35	0.05	5	8	20
0	98.34	0.48	|	70	0.05	10	16	50
0	98.40	0.68	|	70	0.01	10	16	20
0	98.27	0.74	|	70	0.005	5	8	10
0	97.35	0.80	|	35	0.01	2	8	50
0	96.98	0.92	|	70	0.005	2	2	100
0	97.91	1.00	|	35	0.005	10	2	20
0	97.04	1.23	|	100	0.05	2	8	20
0	97.29	0.61	|	70	0.005	2	8	50
0	97.84	0.75	|	35	0.005	5	2	10
0	97.04	0.74	|	70	0.001	2	2	20
0	97.60	0.55	|	100	0.001	2	8	50
Starting rotation with parameters:
num_neurons:    35 70 100
lr:             0.001 0.005 0.01 0.05
n_splits:       7 10 14
patience:       2 8 16
batch_size:     10 20 50 100
0	97.97	1.01	|	100	0.001	14	16	100
0	97.72	1.25	|	70	0.001	7	2	20
0	98.34	1.10	|	70	0.01	14	2	10
0	98.28	0.65	|	70	0.001	14	8	10
0	98.15	0.77	|	35	0.005	10	2	10
0	97.17	1.07	|	100	0.05	10	2	10
0	98.71	0.63	|	100	0.01	14	8	20
0	97.35	1.03	|	100	0.001	10	2	100
0	97.97	1.36	|	100	0.05	14	16	100
